28
1.000000 113 171 216 
2.037037 121 178 222 
3.074074 132 184 227 
4.111111 140 192 234 
5.148148 150 201 240 
6.185185 160 210 247 
7.222222 172 218 250 
8.259259 184 227 255 
9.296296 197 235 255 
10.333333 172 208 165 
11.370370 147 191 139 
12.407407 167 197 142 
13.444444 189 204 150 
14.481481 209 215 171 
15.518519 224 228 180 
16.555556 238 235 191 
17.592593 231 224 182 
18.629630 222 214 163 
19.666667 210 202 157 
20.703704 202 184 129 
21.740741 195 166 107 
22.777778 184 152 89 
23.814815 170 134 82 
24.851852 172 153 123 
25.888889 185 173 153 
26.925926 202 195 184 
27.962963 223 222 216 
28.000000 244 243 242 
