Cold
50
0  200 240 255
2  180 230 255
4  160 220 255
6  140 210 255
8  120 200 255
10 100 190 255
12 80  180 255
14 70  170 250
16 60  160 245
18 50  150 240
20 40  140 235
22 35  130 230
24 30  120 225
26 25  110 220
28 20  100 215
30 18  90  210
32 16  80  200
34 14  70  190
36 12  60  180
38 10  55  170
40 9   50  160
42 8   45  150
44 7   40  140
46 6   35  130
48 5   30  120
50 5   28  110
52 5   26  100
54 5   24  90
56 5   22  80
58 5   20  70
60 5   18  60
62 5   16  55
64 5   14  50
66 5   12  45
68 5   10  40
70 4   9   35
72 4   8   30
74 3   7   25
76 3   6   20
78 2   5   18
80 2   4   16
82 2   3   14
84 2   2   12
86 2   2   10
88 2   2   8
90 2   2   6
92 2   2   4
94 2   2   3
96 2   2   2
98 1   1   1
100 0  0   0
