Earthy
50
0   245 222 179
2   235 210 165
4   225 200 150
6   215 190 140
8   205 180 130
10  195 170 120
12  185 160 110
14  175 150 100
16  165 140  90
18  155 130  80
20  145 120  70
22  135 110  65
24  125 100  60
26  115  90  55
28  105  80  50
30   95  70  45
32   85  60  40
34   75  50  35
36   65  45  30
38   55  40  25
40   85 100  50
42   80 110  55
44   75 120  60
46   70 130  65
48   65 140  70
50   60 150  75
52   55 160  80
54   50 150  70
56   45 140  60
58   40 130  50
60   35 120  40
62   30 110  35
64   25 100  30
66   20  90  25
68   18  80  22
70   16  70  20
72   14  60  18
74   12  50  16
76   10  40  14
78    8  30  12
80    6  25  10
82    5  20   8
84    5  18   6
86    5  16   5
88    5  14   5
90    5  12   5
92    5  10   5
94    4   8   4
96    3   6   3
98    2   4   2
100   0   0   0