Grey
50
0  255 255 255
2  245 245 245
4  235 235 235
6  225 225 225
8  215 215 215
10 205 205 205
12 195 195 195
14 185 185 185
16 175 175 175
18 165 165 165
20 155 155 155
22 145 145 145
24 135 135 135
26 125 125 125
28 115 115 115
30 105 105 105
32  95  95  95
34  90  90  90
36  85  85  85
38  80  80  80
40  75  75  75
42  70  70  70
44  65  65  65
46  60  60  60
48  55  55  55
50  50  50  50
52  48  48  48
54  46  46  46
56  44  44  44
58  42  42  42
60  40  40  40
62  36  36  36
64  32  32  32
66  28  28  28
68  24  24  24
70  20  20  20
72  18  18  18
74  16  16  16
76  14  14  14
78  12  12  12
80  10  10  10
82   8   8   8
84   6   6   6
86   5   5   5
88   4   4   4
90   3   3   3
92   2   2   2
94   1   1   1
96   1   1   1
98   0   0   0
100  0   0   0