Hot
50
0  255 245 200
2  255 240 180
4  255 230 150
6  255 220 120
8  255 210 90
10 255 200 70
12 255 190 50
14 255 180 40
16 255 170 30
18 255 160 25
20 255 150 20
22 255 140 15
24 255 130 10
26 255 120 5
28 255 110 0
30 255 100 0
32 245 90 0
34 235 80 0
36 225 70 0
38 215 60 0
40 205 50 0
42 195 40 0
44 185 35 0
46 175 30 0
48 165 25 0
50 155 20 0
52 145 15 0
54 135 12 0
56 125 10 0
58 115 8 0
60 105 6 0
62 95 5 0
64 90 5 0
66 85 4 0
68 80 4 0
70 75 3 0
72 70 3 0
74 65 2 0
76 60 2 0
78 55 2 0
80 50 2 0
82 45 1 0
84 40 1 0
86 35 1 0
88 30 1 0
90 25 1 0
92 20 1 0
94 15 1 0
96 10 1 0
98 5 0 0
100 0 0 0