Neon
50
0   57 255 20
2   77 255 60
4   97 255 100
6   117 255 140
8   137 255 180
10  157 255 220
12  117 255 255
14  77  235 255
16  37  215 255
18  0   195 255
20  0   175 245
22  0   155 225
24  0   135 205
26  0   115 185
28  80  80  255
30  120 60  255
32  160 40  255
34  200 20  255
36  240 0   255
38  255 0   220
40  255 0   180
42  255 0   140
44  255 0   100
46  255 0   60
48  255 0   20
50  255 40  40
52  255 80  80
54  255 120 120
56  255 160 160
58  255 200 200
60  255 255 0
62  245 235 0
64  235 215 0
66  225 195 0
68  215 175 0
70  205 155 0
72  195 135 0
74  185 115 0
76  175 95  0
78  255 0   127
80  235 0   117
82  215 0   107
84  195 0   97
86  175 0   87
88  155 0   77
90  135 0   67
92  115 0   57
94  95  0   47
96  75  0   37
98  55  0   27
100 35  0   17