Pastel
50
0   255 240 245
2   255 230 240
4   255 220 235
6   255 210 230
8   255 200 225
10  250 210 235
12  245 220 245
14  240 230 255
16  230 235 255
18  220 240 255
20  210 245 255
22  200 250 255
24  190 255 250
26  180 255 240
28  170 255 230
30  160 250 220
32  150 240 210
34  140 230 200
36  130 220 190
38  120 210 180
40  190 250 200
42  200 250 210
44  210 250 220
46  220 250 230
48  230 250 240
50  240 250 250
52  245 245 220
54  250 250 210
56  255 255 200
58  255 250 190
60  255 245 180
62  255 240 170
64  255 235 160
66  255 230 150
68  255 225 140
70  255 220 130
72  245 215 145
74  235 210 160
76  225 205 175
78  215 200 190
80  205 195 205
82  195 190 220
84  185 185 235
86  175 180 245
88  165 175 250
90  155 170 245
92  145 165 240
94  135 160 230
96  125 155 220
98  115 150 210
100 105 145 200